package.json
  s_dfbddde80710e3::t_89be940d73d600 7-8,25,30,34,58,61
public/assets/integrations/@opacedev/astro-visual-editor.svg
  s_dfbddde80710e3::t_3d6b141baefd6a 1-13
scripts/integrations.json
  s_dfbddde80710e3::t_3fe241561afc9d 223-225,271-273
scripts/update-showcase.mjs
  s_dfbddde80710e3::t_c0d032666dc67c 786-795
src/components/Footer.astro
  s_dfbddde80710e3::t_e15882a7e5eb12 33
src/components/HeaderDrawerContent.astro
  s_dfbddde80710e3::t_21e1a3f19b5ad3 14
src/components/HeaderNav.astro
  s_dfbddde80710e3::t_fece7dfb9619c1 25
src/content/integrations.json
  s_dfbddde80710e3::t_c6bf4aebda57a3 11,22,34,45,57,69,81,94,106-108,121,133,144,157,169,181,193,205,218,231,234-246,256,268,281,293,306,318,330,342,355,367,378,390,402,411-413,425,437,449,461,473,485,488-501,511,523,535,547,559,571,583,596,609,621,633,645,657,669,681,693,705,717,729,741,753,765,778,790,801,816,831,843,855,867,879,891,903,915,927,939,951,975,987,1000,1012,1024,1035,1046,1057,1068,1079,1090,1101,1112,1124,1136,1148,1160,1172,1184,1196,1208,1220,1232,1244,1256,1268,1280,1293,1309,1324,1338,1354,1369,1383,1397,1412,1427,1443,1459,1474,1489,1504,1520,1535,1551,1566,1581,1597,1610,1622,1634,1646,1657,1668,1679,1692,1705,1718,1731,1743,1757,1769,1781,1796,1808,1820,1832,1844,1854,1865,1878,1890,1902,1915,1928,1941,1953,1965,1991,2015,2027,2039,2052,2064,2075,2099,2111,2123,2136,2147,2157,2169,2181,2193,2205,2217,2228,2240,2253,2264,2276,2288,2300,2313,2325,2337,2349,2361,2374,2386,2397,2409,2421,2436,2449,2462,2475,2488,2500,2513,2525,2536,2549,2560,2572,2584,2596,2609,2622,2646,2657,2669,2682,2706,2718,2730,2743,2756,2768,2780,2792,2804,2816,2829,2836,2841,2848,2853,2860,2865,2872,2877,2884,2889,2901,2915,2927,2939,2946,2951,2963,2975,2987-2988,2992-3005,3015,3027,3039,3051,3074,3086,3098,3109,3120,3133,3145,3158,3170,3182,3194,3206,3218,3231,3243,3255,3267,3279,3302,3314,3325,3337,3350,3362,3373,3384,3397,3410,3422,3434,3446,3458,3470,3483,3495,3507,3519,3531,3543,3555,3567,3579,3591,3603,3613-3615,3627,3632,3639,3650,3662,3675,3686,3699,3711,3723,3736,3748,3755,3760,3771,3783,3795,3807,3819,3832,3844,3856,3867,3878,3889,3901,3908,3913,3925-3926,3939,3952,3965,3977,3989,4001,4014,4025,4036,4049,4062,4072,4083,4094,4106,4118,4130,4142,4156,4169,4183,4196,4222,4235,4248,4261,4273,4285,4297,4309,4321,4333,4345,4357,4369,4381,4394,4406,4418,4429,4441,4453,4465,4477,4488,4500,4511,4523,4536,4548,4560,4572,4584,4596,4620,4633,4645,4657,4669,4681,4693,4705,4717,4729,4741,4753,4765,4777,4789,4802,4813,4825,4849,4861,4873,4885,4896,4908,4920,4932,4944,4957,4969,4981,4993,5004,5016,5028,5040,5053,5065,5077,5089,5102,5115,5127,5139,5146,5151,5164,5177,5190,5193-5220,5230,5254,5278,5290,5302,5314,5327,5339,5351,5363,5375,5388,5401,5413,5425,5436,5447,5459,5471,5483,5495,5498-5511,5521,5533,5536-5549,5559,5571,5583,5595,5607,5619,5626,5631,5643,5655,5667,5679,5691,5703,5715,5726,5733,5738,5750,5762,5785,5797,5809,5821,5833,5845,5848-5860,5870,5882,5895,5909,5923,5937,5949,5973,5976-5989,5999,6011,6023,6034,6048-6061,6071,6098,6111,6123,6135,6159,6171,6182,6195,6210,6223,6235,6248,6259,6270,6282,6295,6310,6323,6335,6347,6359,6375,6377-6378,6388,6400,6412,6424,6436,6449,6461,6473,6486,6499,6510,6522,6534,6546,6558,6569,6595,6608,6618,6629,6641,6652,6675,6686,6697,6709,6720,6731,6743,6765,6776,6787,6798,6810,6821,6833,6844,6854,6864,6874,6885,6896,6908,6920,6931,6943,6955,6967,6977,6989,7001,7012,7022,7033,7045,7056,7066,7078,7090,7102,7112,7123,7135,7147,7160,7174,7187,7199,7213,7226,7239,7252,7264,7267-7280,7290,7302,7314,7321,7326,7338,7350,7362,7374,7388,7403,7417,7432,7444,7456,7468,7480,7493,7507,7519,7531,7543,7554,7565,7576,7588,7600,7611,7623,7635,7646,7657,7669,7681,7693,7705,7717,7728,7739,7750,7760,7772,7784,7796,7807,7819,7833,7846,7858,7870,7896,7908,7920,7933,7945,7959,7972,7985,7998,8010,8022,8045,8057,8069,8081,8093,8105,8117,8129,8141,8153,8165,8178,8190,8203,8215,8229,8239,8251,8273,8286,8299,8311,8322,8334,8347,8361,8373,8385,8397,8410,8423,8436,8449,8473,8487,8499,8512,8524,8536,8548,8561,8573,8585,8600,8613,8626,8638,8650,8662,8685,8697,8707,8730,8743,8756,8769,8782,8796,8808,8820,8832,8844,8857,8880,8892,8905,8919,8923-8936,8947,8961,8974,8981,8997,9008,9019,9032,9057,9069,9082,9094,9107,9119,9131,9143,9154,9166,9178,9190,9205,9217,9228,9240,9252,9264,9276,9288,9300,9312,9315-9328,9338,9350,9363,9375,9386,9399,9413,9426,9438,9465,9478,9490,9503,9516,9528,9536,9541,9544-9555,9560,9565,9577,9601,9613,9625,9636,9648,9660,9673,9685,9699,9702-9745,9754,9765,9777,9790,9803,9816,9829,9841,9853,9864,9876,9890,9901,9924,9948,9960,9972,9984,9996,10008,10021,10033,10044,10056,10067,10080,10092,10104,10116,10128,10141,10154,10161,10166,10178,10190,10202,10225,10237,10249,10260,10273,10284,10295,10306,10318,10330,10342,10355,10367,10379,10390,10402,10414,10425,10437,10450,10464,10477,10489,10501,10513,10525,10537,10549,10561,10573,10585,10597,10608,10620,10632,10644,10656,10668,10679,10691,10703,10715,10727,10740,10752,10764,10776,10788,10812,10824,10836,10847,10859,10872,10882,10894,10907,10919,10931,10943,10955,10967,10979,10992,11005,11016,11030,11042,11054,11066,11077,11101,11104-11117,11127,11139,11150,11162,11175,11188,11199,11211,11224,11236,11249,11262,11275,11288,11301,11313,11325,11338,11351,11363,11375,11386,11398,11410,11422,11434,11446,11458,11470,11482,11495,11506,11518,11530,11542,11554,11566,11578,11589,11602,11614,11626,11638,11649,11661,11674,11686,11700,11713,11725,11737,11749,11761,11773,11785,11797,11809,11821,11833,11846,11868,11880,11890,11902,11914,11927,11938,11950,11962,11974,11986,11998,12011,12023,12035,12047,12059,12073,12085,12097,12109,12122,12146,12170,12181,12193,12204,12216,12228,12252,12266,12278,12290,12314,12326,12338,12350,12362,12386,12398,12410,12422,12434,12446,12457,12471,12483,12496,12509,12522,12534,12558,12571,12584,12596,12608,12619,12631,12643,12655,12669,12682,12696,12708,12722,12734,12746,12758,12769,12782,12793,12805,12816,12828,12840,12854,12866,12878,12891,12941,12953,12966,12994,13006,13018,13031,13044,13054,13066,13078,13090,13101,13113,13125,13137,13149,13162,13174,13186,13198,13210,13221,13234,13246,13258,13270,13281,13286,13299,13312,13324,13337,13361,13373,13385,13397,13408,13420,13432,13444,13456,13468,13480,13493,13517,13529,13540,13552,13564,13576,13588,13600,13612,13625,13636,13648,13660,13672,13684,13696,13708,13720,13732,13744,13756,13768,13779,13791,13804,13817,13829,13842,13854,13866,13871,13877-13878,13890,13902,13938,13949,13961,13973,13985,13996,14008,14020,14032,14044,14056,14068,14093,14105,14116,14128,14141,14153,14166,14179,14191,14203,14215,14230,14238,14243,14254,14265,14277,14289,14301,14325,14337,14349,14361,14374,14386,14397,14409,14422,14434,14446,14458,14482,14493,14505,14517,14529,14537,14542,14554,14566,14578,14590,14602,14614,14626,14638,14650,14661,14673,14685,14697,14710,14722,14734,14748,14760,14772,14784,14798,14810,14822,14834,14846,14861,14874,14886,14898,14910,14922,14934,14946,14969,14982,14993,15005,15016,15027,15051,15062,15073,15084,15096,15108,15121,15131,15143,15155,15168,15181,15193,15205,15217,15229,15241,15253,15265,15277,15288,15299,15311,15324,15336,15348,15374,15385,15397,15409,15420,15432,15444,15455,15467,15479,15491,15503,15515,15527,15538,15550,15575,15587,15599,15611,15623,15635,15647,15659,15671,15683,15695,15707,15719,15731,15737,15745-15759,15762,15772,15779,15784,15796,15808,15820,15832,15844,15856,15868,15880,15892,15905,15918,15931,15943,15955,15966,15978,15990,16002,16014,16026,16038,16050,16062,16074,16085,16097,16109,16121,16133,16145,16157,16169,16180,16192,16204,16217,16230,16242,16255,16267,16279,16291,16303,16315,16327,16338,16349,16361,16364-16378,16388,16411,16422,16434,16446,16458,16470,16482,16495,16507,16520,16532,16544,16555,16566,16580,16595,16608,16621,16633,16645,16655,16667,16679,16691,16702,16714,16726,16738,16750,16763,16774,16786,16798,16810,16821,16833,16850,16857,16870,16882,16894,16906,16918,16930,16942,16954,16965,16977,16989,17002,17013,17025,17037,17049,17061,17073,17085,17096,17108,17120,17131,17143,17155,17167,17179,17192,17204,17216,17228,17240,17252,17264,17275,17287,17300,17312,17325,17338,17350,17363,17375,17387,17399,17411,17423,17435,17446,17458,17471,17483,17495,17506,17518,17531,17544,17556,17568,17580,17592,17604,17615,17626,17650,17661,17673,17696,17710,17722,17735,17747,17759,17771,17783,17795,17808,17820,17823-17836,17845,17857,17869,17881,17893,17905,17917,17928,17940,17952,17964,17989,18000,18007,18012,18024,18037,18060,18073,18085,18097,18120,18145,18158,18170,18183,18196,18208,18220,18232,18244,18256,18268,18280,18292,18304,18316,18327,18339,18350,18362,18375,18386,18397,18409,18421,18433,18440,18445,18457,18469,18481,18493,18506,18518,18531,18555,18567,18578,18590,18602,18614,18626,18639,18650,18662,18674,18686,18697,18709,18721,18744,18757,18769,18781,18784-18797,18807,18820,18831,18843,18855,18867,18879,18891,18902,18914,18926,18938,18950,18961,18973,18985,18997,19008,19019,19031,19042,19053,19065,19072,19077,19089,19101,19113,19136,19148,19159,19171,19195,19207,19219,19231,19243,19254,19265,19277,19290,19302,19312-19314,19326,19339,19352,19364,19376,19388,19399,19411,19423,19435,19447,19459,19470,19482,19494,19497-19510,19515,19532,19544,19556,19568,19580,19592,19604,19617,19630,19653,19665,19677,19688,19700,19717,19728-19741,19750,19762,19774,19786,19798,19821,19833,19845,19857,19869,19880,19893,19905,19929,19939,19951,19963,19974,19986,19998,20010,20022,20034,20046,20058,20071,20084
src/data/last-modified.json
  s_dfbddde80710e3::t_bc65430704df84 2
src/data/stats.json
  s_dfbddde80710e3::t_d4ce2f2a09fe21 2-3,5-7
---
{
  "schema_version": "authorship/3.0.0",
  "git_ai_version": "1.6.10",
  "base_commit_sha": "57748ea9d974e32079f8a921a589598b1f63f944",
  "prompts": {},
  "sessions": {
    "s_dfbddde80710e3": {
      "agent_id": {
        "tool": "opencode",
        "id": "ses_fe48ee740ffearQMK2XvBdY48j",
        "model": "@cf/deepseek-ai/deepseek-v4-flash"
      },
      "human_author": "Matthew Phillips <matthewphillips@cloudflare.com>"
    }
  }
}